19910
30140
38450
42720
52830
65690
72570
78750
86740
87920
99930
104470
113350
123300
127140
139590
147170
167990
179920
180440
184910
190890
200730
210010
219510
222390
227330
238560
245680
252770
264259
269160
280420
290250
295530
298230
302800
306480
311780
313300
327559
339960
342240
347130
351090
358130
365040
368680
370820
372452
377000
392140
395120
404200
411622
423750
434010
443820
452940
456810
463830
466880
475940
480640
488350
495480
498060
503800
510700
515680
523030
525050
527950
532340
542620
544860
561130
569220
575320
580630
584050
592550
594670
603670
608710
609610
615450